[map.jpg]
filters=finetune2=1,0.286550,0.000000,0.000000,00000000,0.000000;finetune2=1,0.122807,0.000000,0.000000,00000000,0.000000;finetune2=1,0.333333,0.000000,0.078596,00000000,-0.216374;bw=1;finetune2=1,0.000000,0.000000,0.480000,00000000,0.000000;
moddate=23d6972b72d0d801
width=410
height=477
textactive=0
